4294967279,328
4294967278,517
4294967278,516
31,4
31,3
31,2
31,1
4294967278,515
4294967294,435
30,4
30,3
30,2
30,1
4294967278,514
4294967278,513
4294967279,327
4294967278,512
4294967279,326
4294967279,325
29,4
29,3
29,2
29,1
4294967294,472
4294967279,324
28,4
4294967279,323
28,3
28,2
28,1
4294967279,322
4294967279,321
4294967278,319
4294967278,318
4294967279,320
4294967279,319
4294967278,317
4294967278,316
4294967278,315
4294967279,318
4294967279,317
4294967278,314
4294967278,313
4294967279,316
4294967278,312
4294967279,315
27,4
4294967278,311
4294967279,314
27,3
27,2
27,1
4294967278,310
4294967279,313
4294967278,309
26,4
25,4
4294967278,308
4294967279,312
4294967279,311
26,3
24,4
26,2
25,3
25,2
26,1
25,1
24,3
24,2
4294967278,307
24,1
23,4
22,4
21,4
22,3
23,3
21,3
22,2
23,2
21,2
23,1
22,1
21,1
20,4
20,3
20,2
20,1
4294967294,1412
4294967278,306
4294967279,310
4294967278,305
4294967278,304
19,4
19,3
19,2
19,1
4294967278,303
18,4
18,3
18,2
18,1
4294967278,302
4294967278,301
4294967279,309
4294967278,300
4294967279,308
4294967279,307
4294967278,299
4294967278,298
4294967279,306
4294967279,305
17,4
17,3
17,2
17,1
4294967279,304
16,4
16,3
16,2
16,1
4294967279,303
4294967279,302
4294967278,297
4294967279,301
4294967278,296
4294967278,295
4294967279,300
4294967279,299
4294967278,294
4294967278,293
15,4
15,3
15,2
15,1
4294967278,292
4294967294,471
14,4
14,3
14,2
14,1
4294967278,291
4294967278,290
4294967279,298
4294967278,289
4294967278,288
4294967278,287
4294967279,297
4294967278,286
4294967279,296
4294967279,295
4294967278,285
4294967278,284
4294967279,294
13,4
13,3
13,2
13,1
12,4
4294967278,283
12,3
12,2
12,1
11,4
4294967279,293
11,3
11,2
11,1
10,4
4294967279,292
10,3
10,2
10,1
4294967294,1411
4294967294,186
4294967279,291
4294967294,972
9,4
9,3
9,2
9,1
4294967279,290
7,4
8,4
4294967278,282
8,3
7,3
7,2
8,2
7,1
8,1
6,4
6,3
6,2
6,1
4294967279,289
4294967279,288
4294967294,1410
4294967294,1409
4294967279,287
4294967294,83
4294967278,281
4294967278,280
4294967278,279
5,4
5,3
5,2
5,1
4,4
4,3
4,2
4,1
4294967279,286
4294967279,285
4294967293,131
4294967293,130
4294967293,129
4294967293,128
4294967293,127
4294967293,126
4294967293,125
4294967293,124
4294967293,123
4294967293,122
4294967293,121
4294967293,120
4294967293,119
4294967293,118
4294967293,117
4294967293,116
4294967293,115
4294967293,114
4294967293,113
4294967293,112
4294967293,111
4294967293,110
4294967293,109
4294967293,108
4294967293,107
4294967293,106
4294967293,105
4294967293,104
4294967293,103
4294967293,102
4294967293,101
4294967293,100
4294967293,99
4294967293,98
4294967293,97
4294967293,96
4294967293,95
4294967293,94
4294967293,93
4294967293,92
4294967293,91
4294967293,90
4294967293,89
4294967293,88
4294967293,87
4294967293,86
4294967293,85
4294967293,84
4294967293,83
4294967293,82
4294967293,81
4294967293,80
4294967293,79
4294967293,78
4294967293,77
4294967293,76
4294967293,75
4294967293,74
4294967293,73
4294967293,72
4294967293,71
4294967293,70
4294967293,69
4294967293,68
4294967293,67
4294967293,66
4294967293,65
4294967293,64
4294967293,63
4294967293,62
4294967293,61
4294967293,60
4294967293,59
4294967293,58
4294967293,57
4294967293,56
4294967293,55
4294967293,54
4294967293,53
4294967293,52
4294967293,51
4294967293,50
4294967293,49
4294967293,48
4294967293,47
4294967293,46
4294967293,45
4294967293,44
4294967293,43
4294967293,42
4294967293,41
4294967293,40
4294967293,39
4294967293,38
4294967293,37
4294967293,36
4294967293,35
4294967293,34
4294967293,33
4294967293,32
